maxones 100 32 0.01 0.5

0 0.6875 0.495625 0
1 0.6875 0.539687 21%
2 0.71875 0.570937 27%
3 0.75 0.583438 36%
4 0.75 0.576562 45%
5 0.75 0.5825 49%
6 0.71875 0.575937 56%
7 0.71875 0.579375 60%
8 0.71875 0.572812 58%
9 0.71875 0.543125 49%
10 0.71875 0.532188 50%
11 0.71875 0.545937 46%
12 0.71875 0.590625 59%
13 0.71875 0.595 57%
14 0.71875 0.609375 57%
15 0.75 0.643437 61%
16 0.78125 0.647813 63%
17 0.75 0.654062 63%
18 0.75 0.6625 69%
19 0.78125 0.65125 58%
20 0.78125 0.644687 55%
21 0.78125 0.631563 62%
22 0.8125 0.631563 60%
23 0.78125 0.635312 59%
24 0.8125 0.62875 57%
25 0.8125 0.633437 58%
26 0.8125 0.616875 58%
27 0.8125 0.630938 60%
28 0.8125 0.63375 58%
29 0.8125 0.655 59%
30 0.8125 0.630313 60%
31 0.8125 0.627188 58%
32 0.8125 0.625313 66%
33 0.78125 0.60875 60%
34 0.78125 0.607812 41%
35 0.78125 0.623125 44%
36 0.75 0.610938 48%
37 0.75 0.606875 53%
38 0.71875 0.614375 57%
39 0.6875 0.610625 61%
40 0.6875 0.596875 58%
41 0.6875 0.578438 59%
42 0.6875 0.570312 55%
43 0.75 0.565312 47%
44 0.75 0.55875 58%
45 0.75 0.567813 56%
46 0.8125 0.5975 57%
47 0.78125 0.58875 49%
48 0.78125 0.603437 49%
49 0.78125 0.614062 46%
50 0.78125 0.60125 36%
51 0.78125 0.64625 53%
52 0.78125 0.655312 50%
53 0.8125 0.670625 56%
54 0.78125 0.680625 55%
55 0.8125 0.694375 59%
56 0.8125 0.6975 64%
57 0.8125 0.698125 71%
58 0.8125 0.699688 69%
59 0.84375 0.700937 70%
60 0.875 0.715313 67%
61 0.84375 0.696875 52%
62 0.84375 0.69625 56%
63 0.84375 0.703438 57%
64 0.84375 0.701875 60%
65 0.8125 0.698438 64%
66 0.8125 0.696562 55%
67 0.8125 0.705937 53%
68 0.8125 0.715 61%
69 0.8125 0.720313 63%
70 0.8125 0.7275 61%
71 0.8125 0.72875 62%
72 0.84375 0.714063 58%
73 0.84375 0.7025 61%
74 0.84375 0.694375 62%
75 0.875 0.694063 52%
76 0.84375 0.694688 56%
77 0.84375 0.695625 54%
78 0.84375 0.695 63%
79 0.875 0.71 53%
80 0.875 0.715 55%
81 0.875 0.706562 54%
82 0.875 0.723437 67%
83 0.875 0.720313 62%
84 0.875 0.720625 58%
85 0.875 0.740313 55%
86 0.84375 0.751875 64%
87 0.8125 0.761563 60%
88 0.8125 0.765625 74%
89 0.8125 0.759375 75%
90 0.8125 0.750313 68%
91 0.84375 0.7575 55%
92 0.875 0.77 58%
93 0.84375 0.755313 48%
94 0.84375 0.75625 58%
95 0.84375 0.766875 63%
96 0.84375 0.774687 69%
97 0.8125 0.762813 69%
98 0.8125 0.755938 68%
99 0.84375 0.749375 73%
100 0.84375 0.747812 75%
101 0.84375 0.742812 67%
102 0.84375 0.743437 67%
103 0.84375 0.742812 62%
104 0.84375 0.717187 57%
105 0.8125 0.694063 51%
106 0.8125 0.702812 68%
107 0.8125 0.708125 54%
108 0.84375 0.704688 58%
109 0.84375 0.69625 61%
110 0.84375 0.695312 62%
111 0.8125 0.69125 56%
112 0.8125 0.685 52%
113 0.84375 0.690625 53%
114 0.84375 0.678125 60%
115 0.875 0.676875 54%
116 0.875 0.67875 48%
117 0.875 0.679688 51%
118 0.875 0.685625 49%
119 0.84375 0.68375 55%
120 0.875 0.695312 46%
121 0.875 0.716562 44%
122 0.875 0.699375 47%
123 0.875 0.708438 47%
124 0.90625 0.69125 55%
125 0.90625 0.688438 56%
126 0.875 0.724688 48%
127 0.875 0.753125 60%
128 0.90625 0.759375 48%
129 0.875 0.76875 59%
130 0.875 0.748125 56%
131 0.875 0.759062 59%
132 0.875 0.755938 57%
133 0.875 0.752188 67%
134 0.875 0.749062 62%
135 0.875 0.75375 67%
136 0.9375 0.740938 65%
137 0.9375 0.725 63%
138 0.9375 0.72 63%
139 0.90625 0.725625 56%
140 0.90625 0.726562 58%
141 0.90625 0.717187 58%
142 0.90625 0.716875 66%
143 0.90625 0.723125 61%
144 0.90625 0.725313 62%
145 0.90625 0.720938 58%
146 0.90625 0.701562 59%
147 0.90625 0.711875 57%
148 0.90625 0.715 64%
149 0.875 0.710313 58%
150 0.875 0.71625 50%
151 0.875 0.705 55%
152 0.875 0.700625 59%
153 0.875 0.693438 73%
154 0.875 0.688125 66%
155 0.875 0.684375 55%
156 0.875 0.694688 59%
157 0.875 0.698125 50%
158 0.875 0.689063 50%
159 0.84375 0.678125 43%
160 0.84375 0.645 43%
161 0.84375 0.667813 44%
162 0.84375 0.665937 40%
163 0.84375 0.662813 53%
164 0.84375 0.650937 50%
165 0.84375 0.624062 48%
166 0.8125 0.588125 49%
167 0.8125 0.616875 42%
168 0.8125 0.602187 46%
169 0.8125 0.618125 44%
170 0.8125 0.614375 51%
171 0.8125 0.6125 55%
172 0.8125 0.592187 57%
173 0.8125 0.615625 53%
174 0.8125 0.652813 56%
175 0.78125 0.65125 58%
176 0.78125 0.64625 61%
177 0.78125 0.644375 56%
178 0.78125 0.64375 61%
179 0.78125 0.650937 70%
180 0.8125 0.649375 72%
181 0.8125 0.657813 67%
182 0.8125 0.65875 59%
183 0.8125 0.6625 60%
184 0.8125 0.66625 56%
185 0.8125 0.674687 60%
186 0.8125 0.674687 65%
187 0.84375 0.672813 60%
188 0.8125 0.673125 62%
189 0.8125 0.679063 55%
190 0.84375 0.685 49%
191 0.84375 0.71875 56%
192 0.84375 0.724063 52%
193 0.84375 0.73375 51%
194 0.8125 0.741875 61%
195 0.84375 0.73375 66%
196 0.875 0.719375 61%
197 0.84375 0.72 62%
198 0.8125 0.714375 58%
199 0.8125 0.719688 64%
200 0.84375 0.722812 58%
201 0.8125 0.719375 59%
202 0.84375 0.724375 60%
203 0.875 0.722187 66%
204 0.84375 0.718125 61%
205 0.875 0.728437 62%
206 0.875 0.749687 56%
207 0.875 0.761563 61%
208 0.8125 0.76375 69%
209 0.8125 0.769062 71%
210 0.8125 0.758437 70%
211 0.84375 0.745625 62%
212 0.875 0.733125 65%
213 0.875 0.734688 61%
214 0.875 0.754062 57%
215 0.875 0.7625 48%
216 0.875 0.758125 52%
217 0.875 0.740625 54%
218 0.875 0.739375 56%
219 0.875 0.740313 53%
220 0.875 0.72125 54%
221 0.9375 0.6925 57%
222 0.9375 0.693125 53%
223 0.96875 0.703125 54%
224 0.96875 0.729375 62%
225 0.96875 0.757812 55%
226 1 0.863437 52%

Population has converged
