maxones 100 32 0.01 0.5

0 0.6875 0.486875 0
1 0.6875 0.51875 27%
2 0.71875 0.526875 35%
3 0.78125 0.552813 33%
4 0.8125 0.570625 54%
5 0.84375 0.583125 57%
6 0.84375 0.6 50%
7 0.84375 0.596875 55%
8 0.8125 0.599688 60%
9 0.8125 0.598125 57%
10 0.8125 0.6075 52%
11 0.8125 0.619062 42%
12 0.8125 0.642188 42%
13 0.8125 0.652188 37%
14 0.8125 0.658438 48%
15 0.84375 0.685312 47%
16 0.84375 0.677188 45%
17 0.84375 0.670937 47%
18 0.84375 0.6675 58%
19 0.8125 0.665312 56%
20 0.78125 0.683438 56%
21 0.78125 0.699063 59%
22 0.78125 0.702187 53%
23 0.78125 0.69125 51%
24 0.78125 0.701875 65%
25 0.78125 0.709375 61%
26 0.78125 0.706562 66%
27 0.78125 0.70875 67%
28 0.75 0.710625 65%
29 0.78125 0.7125 68%
30 0.78125 0.708125 55%
31 0.78125 0.710313 53%
32 0.78125 0.709375 61%
33 0.8125 0.69625 55%
34 0.78125 0.689063 52%
35 0.78125 0.684063 48%
36 0.78125 0.670312 53%
37 0.78125 0.652813 51%
38 0.78125 0.64375 54%
39 0.78125 0.64 63%
40 0.8125 0.615938 58%
41 0.8125 0.625313 52%
42 0.8125 0.634062 60%
43 0.8125 0.620313 62%
44 0.8125 0.630625 62%
45 0.8125 0.631563 47%
46 0.8125 0.644687 45%
47 0.84375 0.648438 47%
48 0.8125 0.638125 46%
49 0.8125 0.646563 53%
50 0.8125 0.624375 50%
51 0.84375 0.60875 49%
52 0.84375 0.604688 36%
53 0.84375 0.599063 45%
54 0.84375 0.626563 51%
55 0.84375 0.633125 65%
56 0.875 0.615625 61%
57 0.875 0.60625 57%
58 0.875 0.59875 62%
59 0.875 0.615 66%
60 0.84375 0.630938 49%
61 0.8125 0.634062 45%
62 0.8125 0.613125 43%
63 0.84375 0.592812 41%
64 0.8125 0.62875 53%
65 0.8125 0.595625 57%
66 0.8125 0.59375 53%
67 0.75 0.580937 59%
68 0.78125 0.538438 64%
69 0.75 0.554688 62%
70 0.75 0.57375 60%
71 0.75 0.60125 59%
72 0.78125 0.586562 59%
73 0.78125 0.595938 53%
74 0.8125 0.623437 57%
75 0.8125 0.635625 52%
76 0.8125 0.644687 49%
77 0.78125 0.677813 54%
78 0.8125 0.703125 58%
79 0.8125 0.721875 63%
80 0.8125 0.734688 60%
81 0.8125 0.72625 72%
82 0.78125 0.720938 67%
83 0.78125 0.718437 67%
84 0.8125 0.727187 68%
85 0.8125 0.734375 68%
86 0.8125 0.72625 66%
87 0.8125 0.732812 69%
88 0.84375 0.740938 69%
89 0.84375 0.7525 67%
90 0.84375 0.753437 66%
91 0.84375 0.7525 72%
92 0.8125 0.739375 62%
93 0.8125 0.742812 62%
94 0.8125 0.719063 66%
95 0.8125 0.698438 64%
96 0.8125 0.695312 67%
97 0.8125 0.704375 59%
98 0.875 0.70875 60%
99 0.875 0.714063 63%
100 0.875 0.726875 60%
101 0.875 0.7525 61%
102 0.875 0.766563 61%
103 0.90625 0.769062 60%
104 0.90625 0.762188 60%
105 0.9375 0.773125 64%
106 0.9375 0.784375 65%
107 0.9375 0.786875 65%
108 0.9375 0.78875 65%
109 0.90625 0.7875 73%
110 0.90625 0.778438 59%
111 0.9375 0.7825 65%
112 0.90625 0.76375 62%
113 0.875 0.758437 68%
114 0.875 0.748125 63%
115 0.875 0.733437 63%
116 0.875 0.729688 66%
117 0.84375 0.71875 56%
118 0.84375 0.713437 61%
119 0.84375 0.708125 63%
120 0.875 0.711875 67%
121 0.875 0.71875 68%
122 0.875 0.705937 60%
123 0.84375 0.700313 65%
124 0.84375 0.709063 68%
125 0.875 0.698125 77%
126 0.875 0.704063 67%
127 0.875 0.7225 66%
128 0.90625 0.723437 55%
129 0.90625 0.727187 62%
130 0.90625 0.717187 56%
131 0.90625 0.710938 54%
132 0.90625 0.711562 59%
133 0.90625 0.711562 58%
134 0.9375 0.70375 54%
135 0.9375 0.712187 60%
136 0.9375 0.715625 58%
137 0.9375 0.78375 54%
138 0.9375 0.795625 62%
139 0.9375 0.80125 60%
140 0.96875 0.78625 65%
141 0.96875 0.77125 56%
142 0.96875 0.775 61%
143 0.96875 0.791562 58%
144 0.96875 0.789062 58%
145 0.96875 0.7875 64%
146 0.96875 0.770625 63%
147 0.96875 0.77 63%
148 0.96875 0.77 63%
149 0.96875 0.768437 61%
150 0.96875 0.776563 63%
151 0.96875 0.775312 67%
152 0.9375 0.765625 65%
153 0.90625 0.810625 67%
154 0.90625 0.844688 65%
155 0.90625 0.852187 74%
156 0.90625 0.839688 68%
157 0.90625 0.823125 59%
158 0.90625 0.81375 61%
159 0.875 0.806562 69%
160 0.875 0.80375 64%
161 0.90625 0.800312 63%
162 0.90625 0.805312 56%
163 0.875 0.803125 76%
164 0.90625 0.811562 70%
165 0.875 0.801875 62%
166 0.875 0.798125 65%
167 0.875 0.798438 64%
168 0.875 0.804688 64%
169 0.875 0.809063 79%
170 0.875 0.804688 76%
171 0.875 0.80125 67%
172 0.875 0.801562 72%
173 0.90625 0.805 76%
174 0.90625 0.809375 69%
175 0.90625 0.795937 62%
176 0.875 0.785312 53%
177 0.875 0.753437 56%
178 0.875 0.729688 51%
179 0.875 0.7275 53%
180 0.875 0.729688 51%
181 0.875 0.700937 57%
182 0.875 0.692813 52%
183 0.875 0.755 54%
184 0.90625 0.795937 52%
185 0.90625 0.815 65%
186 0.90625 0.8075 59%
187 0.90625 0.808438 64%
188 0.90625 0.810937 66%
189 0.9375 0.807187 66%
190 0.9375 0.795625 66%
191 0.9375 0.78875 64%
192 0.9375 0.793438 65%
193 0.9375 0.784687 70%
194 0.9375 0.783125 71%
195 0.9375 0.793438 60%
196 0.9375 0.798438 51%
197 0.9375 0.779687 61%
198 0.9375 0.765625 60%
199 0.9375 0.76125 61%
200 0.9375 0.736875 59%
201 0.9375 0.740313 65%
202 0.90625 0.733437 54%
203 0.90625 0.740313 61%
204 0.90625 0.738437 62%
205 0.90625 0.719688 63%
206 0.9375 0.721875 58%
207 0.9375 0.70875 63%
208 0.9375 0.72125 58%
209 0.9375 0.72875 53%
210 0.9375 0.710625 57%
211 0.9375 0.7125 53%
212 0.90625 0.705937 55%
213 0.90625 0.693438 56%
214 0.90625 0.676875 50%
215 0.90625 0.715938 50%
216 0.90625 0.749062 57%
217 0.90625 0.7625 52%
218 0.90625 0.7675 61%
219 0.90625 0.78875 56%
220 0.90625 0.799063 59%
221 0.875 0.799063 61%
222 0.875 0.783438 54%
223 0.875 0.765625 49%
224 0.875 0.751563 51%
225 0.875 0.726875 60%
226 0.90625 0.719375 58%
227 0.90625 0.706562 50%
228 0.90625 0.695312 51%
229 0.90625 0.691875 59%
230 0.90625 0.71125 52%
231 0.90625 0.709063 49%
232 0.9375 0.7075 49%
233 0.9375 0.69125 53%
234 0.9375 0.661875 50%
235 0.9375 0.680937 42%
236 0.9375 0.698438 47%
237 0.9375 0.70875 46%
238 0.9375 0.69 39%
239 0.9375 0.762813 50%
240 0.9375 0.775 64%
241 0.90625 0.775312 61%
242 0.875 0.773438 66%
243 0.875 0.776563 65%
244 0.875 0.773125 65%
245 0.875 0.7725 70%
246 0.90625 0.781875 61%
247 0.90625 0.775312 64%
248 0.90625 0.769687 61%
249 0.90625 0.760312 67%
250 0.90625 0.751563 64%
251 0.90625 0.751563 55%
252 0.90625 0.7275 58%
253 0.90625 0.727187 53%
254 0.90625 0.715 59%
255 0.90625 0.716875 51%
256 0.84375 0.71125 55%
257 0.84375 0.703125 57%
258 0.875 0.725313 60%
259 0.875 0.739688 60%
260 0.875 0.752188 57%
261 0.875 0.7625 56%
262 0.875 0.769062 58%
263 0.875 0.775312 62%
264 0.84375 0.761563 57%
265 0.84375 0.741875 57%
266 0.84375 0.729062 62%
267 0.875 0.772188 52%
268 0.875 0.79875 60%
269 0.875 0.81625 60%
270 0.875 0.824688 70%
271 0.875 0.8275 76%
272 0.875 0.825625 69%
273 0.875 0.828438 76%
274 0.875 0.829063 81%
275 0.90625 0.818438 78%
276 0.9375 0.823438 64%
277 0.9375 0.821875 66%
278 0.9375 0.821875 62%
279 0.9375 0.807187 56%
280 0.9375 0.777813 52%
281 0.96875 0.766563 60%
282 0.96875 0.764062 54%
283 0.96875 0.749375 58%
284 0.9375 0.74875 52%
285 0.9375 0.736875 53%
286 0.9375 0.7625 49%
287 0.9375 0.777813 57%
288 0.9375 0.789062 62%
289 0.9375 0.772188 65%
290 0.96875 0.769375 67%
291 0.96875 0.766563 51%
292 0.96875 0.762188 50%
293 1 0.7375 60%

Population has converged
