maxones 100 32 0.01 0.5

0 0.6875 0.515625 0
1 0.75 0.540625 21%
2 0.75 0.564063 30%
3 0.78125 0.573438 28%
4 0.78125 0.569688 37%
5 0.78125 0.567187 43%
6 0.78125 0.5625 48%
7 0.78125 0.569375 55%
8 0.78125 0.570312 62%
9 0.8125 0.6 48%
10 0.8125 0.615313 51%
11 0.8125 0.589375 49%
12 0.78125 0.564375 52%
13 0.78125 0.564063 50%
14 0.78125 0.566875 48%
15 0.84375 0.590313 41%
16 0.84375 0.600313 52%
17 0.84375 0.612187 39%
18 0.84375 0.65125 43%
19 0.84375 0.650312 41%
20 0.84375 0.670312 49%
21 0.84375 0.678438 53%
22 0.875 0.6875 51%
23 0.875 0.696562 59%
24 0.875 0.690937 67%
25 0.875 0.689063 77%
26 0.90625 0.707812 62%
27 0.90625 0.704375 60%
28 0.875 0.69375 67%
29 0.875 0.707187 56%
30 0.875 0.711875 60%
31 0.875 0.698438 64%
32 0.875 0.693438 67%
33 0.875 0.688125 62%
34 0.875 0.692187 60%
35 0.84375 0.702812 53%
36 0.84375 0.708438 51%
37 0.84375 0.702812 55%
38 0.875 0.705937 53%
39 0.90625 0.710625 45%
40 0.90625 0.709375 46%
41 0.90625 0.717187 60%
42 0.90625 0.746563 46%
43 0.90625 0.771875 63%
44 0.90625 0.781875 63%
45 0.90625 0.781875 62%
46 0.90625 0.764687 63%
47 0.90625 0.751563 60%
48 0.90625 0.770625 60%
49 0.9375 0.7775 64%
50 0.9375 0.781563 53%
51 0.9375 0.772188 63%
52 0.9375 0.83375 52%
53 0.9375 0.807813 53%
54 0.9375 0.800312 50%
55 0.9375 0.776563 47%
56 0.9375 0.759375 49%
57 0.875 0.754375 53%
58 0.96875 0.766563 59%
59 0.96875 0.815625 57%
60 0.96875 0.839688 54%
61 0.9375 0.837812 53%
62 0.90625 0.835625 57%
63 0.90625 0.835938 69%
64 0.90625 0.835 67%
65 0.9375 0.820312 74%
66 0.9375 0.818438 70%
67 0.9375 0.818125 67%
68 0.9375 0.810625 71%
69 0.96875 0.859062 61%
70 0.9375 0.889375 66%
71 0.9375 0.901875 67%
72 0.9375 0.895 61%
73 0.9375 0.889687 66%
74 0.9375 0.893125 70%
75 0.96875 0.903438 70%
76 0.96875 0.923125 62%
77 0.96875 0.94 67%
78 1 0.946562 74%

Population has converged
