maxones 100 32 0.01 0.5

0 0.6875 0.510312 0
1 0.71875 0.544063 24%
2 0.75 0.57 36%
3 0.78125 0.581875 27%
4 0.75 0.575 31%
5 0.78125 0.587812 29%
6 0.78125 0.595938 39%
7 0.78125 0.610938 42%
8 0.8125 0.628125 53%
9 0.8125 0.642188 53%
10 0.84375 0.645312 58%
11 0.875 0.652813 40%
12 0.875 0.696562 51%
13 0.875 0.692187 54%
14 0.875 0.691562 58%
15 0.875 0.718125 42%
16 0.90625 0.721562 44%
17 0.90625 0.753125 48%
18 0.90625 0.760938 54%
19 0.90625 0.768125 58%
20 0.90625 0.771563 55%
21 0.90625 0.758125 57%
22 0.90625 0.777813 48%
23 0.90625 0.776563 46%
24 0.90625 0.775312 51%
25 0.90625 0.7875 59%
26 0.90625 0.802813 68%
27 0.90625 0.799687 67%
28 0.90625 0.805 65%
29 0.90625 0.81125 68%
30 0.90625 0.808125 64%
31 0.90625 0.784062 62%
32 0.90625 0.768125 61%
33 0.90625 0.748437 61%
34 0.90625 0.75625 58%
35 0.90625 0.752188 63%
36 0.90625 0.765312 65%
37 0.90625 0.763125 69%
38 0.90625 0.76375 62%
39 0.90625 0.735625 54%
40 0.9375 0.723437 58%
41 0.90625 0.714688 58%
42 0.90625 0.727187 54%
43 0.90625 0.715 55%
44 0.90625 0.687813 58%
45 0.90625 0.672813 43%
46 0.90625 0.672813 52%
47 0.90625 0.652188 50%
48 0.90625 0.6575 55%
49 0.9375 0.6825 44%
50 0.9375 0.669063 52%
51 0.90625 0.665937 56%
52 0.90625 0.675 59%
53 0.90625 0.668125 56%
54 0.90625 0.669063 57%
55 0.90625 0.664687 63%
56 0.90625 0.670312 51%
57 0.90625 0.679063 52%
58 0.90625 0.69125 55%
59 0.875 0.702187 50%
60 0.875 0.722187 49%
61 0.90625 0.725313 50%
62 0.90625 0.735313 68%
63 0.90625 0.724063 65%
64 0.9375 0.729688 65%
65 0.9375 0.730938 59%
66 0.90625 0.739375 65%
67 0.90625 0.73125 55%
68 0.875 0.725 54%
69 0.875 0.723437 53%
70 0.90625 0.724688 53%
71 0.90625 0.732812 60%
72 0.875 0.716875 55%
73 0.875 0.720938 64%
74 0.875 0.737187 55%
75 0.875 0.739375 56%
76 0.875 0.739375 68%
77 0.875 0.724375 69%
78 0.875 0.725938 65%
79 0.875 0.725313 62%
80 0.875 0.713437 58%
81 0.875 0.70625 50%
82 0.875 0.694063 58%
83 0.875 0.673438 50%
84 0.8125 0.655312 39%
85 0.8125 0.645625 47%
86 0.84375 0.651563 40%
87 0.84375 0.64875 46%
88 0.8125 0.634062 50%
89 0.84375 0.637813 53%
90 0.84375 0.638125 58%
91 0.84375 0.650312 43%
92 0.84375 0.666562 56%
93 0.84375 0.675312 54%
94 0.84375 0.665312 56%
95 0.84375 0.663125 57%
96 0.84375 0.655625 53%
97 0.84375 0.66375 59%
98 0.84375 0.666875 66%
99 0.84375 0.671875 65%
100 0.84375 0.6675 50%
101 0.84375 0.681562 61%
102 0.84375 0.67 49%
103 0.84375 0.672813 47%
104 0.875 0.669687 47%
105 0.84375 0.652813 48%
106 0.84375 0.647188 58%
107 0.8125 0.642188 64%
108 0.84375 0.69125 61%
109 0.84375 0.693438 54%
110 0.875 0.695312 61%
111 0.875 0.675 60%
112 0.875 0.675625 46%
113 0.875 0.664375 52%
114 0.90625 0.660937 48%
115 0.875 0.635 52%
116 0.90625 0.738125 56%
117 0.90625 0.80625 48%
118 0.90625 0.8325 64%
119 0.90625 0.849375 67%
120 0.90625 0.85625 69%
121 0.90625 0.828125 63%
122 0.90625 0.820312 61%
123 0.90625 0.811875 68%
124 0.9375 0.812813 66%
125 0.9375 0.802188 67%
126 0.9375 0.789062 65%
127 0.875 0.766875 58%
128 0.90625 0.755 59%
129 0.875 0.756563 61%
130 0.875 0.751875 68%
131 0.84375 0.739375 60%
132 0.84375 0.730313 60%
133 0.875 0.710625 58%
134 0.84375 0.673125 54%
135 0.875 0.650625 56%
136 0.84375 0.646563 54%
137 0.84375 0.639687 59%
138 0.84375 0.634375 57%
139 0.84375 0.637813 50%
140 0.84375 0.683125 50%
141 0.84375 0.709688 57%
142 0.84375 0.720313 64%
143 0.875 0.716562 63%
144 0.84375 0.707187 65%
145 0.84375 0.7225 55%
146 0.84375 0.713437 58%
147 0.84375 0.704375 59%
148 0.84375 0.720938 68%
149 0.84375 0.704688 63%
150 0.8125 0.69375 57%
151 0.8125 0.692187 66%
152 0.8125 0.69125 64%
153 0.84375 0.68375 68%
154 0.8125 0.673438 67%
155 0.8125 0.648438 66%
156 0.8125 0.633125 60%
157 0.84375 0.623125 61%
158 0.84375 0.634062 62%
159 0.84375 0.635312 50%
160 0.84375 0.60375 34%
161 0.84375 0.608125 40%
162 0.84375 0.641875 41%
163 0.875 0.634062 45%
164 0.875 0.630625 46%
165 0.875 0.637188 44%
166 0.875 0.59625 54%
167 0.875 0.625938 43%
168 0.84375 0.614688 45%
169 0.84375 0.6275 43%
170 0.84375 0.62125 42%
171 0.84375 0.63375 47%
172 0.875 0.619687 53%
173 0.875 0.635938 62%
174 0.875 0.654062 53%
175 0.84375 0.641875 45%
176 0.84375 0.626875 41%
177 0.84375 0.598125 48%
178 0.84375 0.598437 52%
179 0.84375 0.624687 44%
180 0.84375 0.63125 43%
181 0.875 0.6875 34%
182 0.875 0.73125 45%
183 0.9375 0.788125 52%
184 0.9375 0.814688 50%
185 0.9375 0.8275 56%
186 0.9375 0.819063 61%
187 0.9375 0.81375 68%
188 0.90625 0.795625 59%
189 0.90625 0.795625 60%
190 0.90625 0.785937 60%
191 0.90625 0.79 71%
192 0.90625 0.779375 65%
193 0.90625 0.775312 57%
194 0.875 0.771875 61%
195 0.875 0.7825 62%
196 0.875 0.764375 67%
197 0.875 0.759687 67%
198 0.90625 0.756875 71%
199 0.90625 0.756875 65%
200 0.9375 0.743437 61%
201 0.9375 0.73875 57%
202 0.96875 0.759687 61%
203 0.96875 0.778125 57%
204 0.96875 0.759062 66%
205 0.96875 0.76125 67%
206 0.96875 0.761563 63%
207 0.96875 0.773125 59%
208 1 0.764687 64%

Population has converged
