654488.0 15
663218.4 16
570889.8 17
546210.2 18
613016.6 19
530484.0 20
500903.7 21
443909.2 22
429294.6 23
447516.0 24
436875.0 25
396383.4 26
414248.6 27
401203.2 28
365573.1 29
344318.0 30
356673.7 31
342157.2 32
340227.3 33
334222.8 34
323986.5 35
309304.8 36
332663.4 37
275337.6 38
291246.7 39
320418.0 40
295648.8 41
283190.6 42
290933.5 43
273326.4 44
271063.0 45
266377.0 46
275286.9 47
267199.2 48
246386.4 49
242985.0 50
234940.9 51
225005.6 52
260559.0 53
235758.6 54
232980.5 55
239990.4 56
237807.9 57
248581.4 58
225430.2 59
210848.0 60
229457.2 61
206226.0 62
211117.6 63
207492.8 64
205078.5 65
197689.4 66
209518.2 67
198811.2 68
206416.6 69
201620.0 70
196701.3 71
202306.4 72
195265.1 73
195576.0 74
199815.0 75
204054.4 76
190575.9 77
193397.0 78
195790.2 79
173358.0 80
172420.6 81
179379.2 82
192003.6 83
173456.8 84
185851.0 85
177444.0 86
186700.8 87
176795.2 88
181610.1 89
175693.0 90
178661.4 91
189696.0 92
169724.2 93
163891.2 94
170449.5 95
168364.0 96
174995.1 97
183704.4 98
173508.1 99
158520.0 100