658823.5 15
608733.2 16
574083.9 17
532286.2 18
528907.4 19
500076.0 20
471597.5 21
421241.6 22
461754.3 23
434582.8 24
423175.0 25
406438.2 26
382612.9 27
379136.0 28
368127.3 29
364923.0 30
369747.5 31
345272.4 32
313906.6 33
349994.6 34
328050.0 35
318879.2 36
309578.9 37
304980.0 38
296959.6 39
271544.0 40
303812.7 41
273761.8 42
287472.9 43
276652.8 44
259550.0 45
248185.4 46
252119.7 47
244940.0 48
262329.4 49
251895.0 50
239153.8 51
238320.8 52
253980.0 53
238022.4 54
236142.5 55
224125.2 56
239111.0 57
205842.4 58
234684.0 59
211056.0 60
215224.8 61
223365.6 62
206895.9 63
206443.2 64
213312.0 65
211965.4 66
209885.6 67
210352.8 68
205740.6 69
196214.0 70
185535.0 71
191367.2 72
204243.8 73
196533.0 74
193900.0 75
203297.6 76
192186.6 77
211054.6 78
190706.6 79
193122.0 80
194158.7 81
185112.2 82
171251.4 83
176768.8 84
177766.5 85
176030.4 86
185934.1 87
176005.6 88
176450.4 89
172653.0 90
183761.1 91
171628.8 92
161502.4 93
179508.2 94
172770.0 95
180437.6 96
166386.2 97
176041.8 98
160195.0 99
165300.0 100