429114.0 5
296132.2 6
295812.2 7
225666.0 8
217956.4 9
183469.0 10
184459.8 11
153507.2 12
152979.4 13
139205.4 14
134987.0 15
121347.6 16
121247.1 17
113704.8 18
108313.8 19
95892.0 20
99474.1 21
91463.4 22
92028.6 23
82460.0 24
90400.0 25
81673.2 26
82829.4 27
78016.0 28
77167.8 29
71019.0 30
71381.9 31
70646.4 32
69173.3 33
65030.2 34
66676.5 35
65688.0 36
64198.2 37
60043.8 38
60103.6 39
60466.0 40
60277.5 41
57794.0 42
57843.5 43
54950.4 44
54926.0 45
54355.8 46
54948.6 47
53413.2 48
52924.8 49
52110.0 50
53922.1 51
50844.0 52
49801.5 53
48571.6 54
48468.5 55
47174.4 56
47366.9 57
45472.4 58
46746.0 59
47712.0 60
45498.6 61
44695.8 62
45444.4 63
43476.4 64
44286.0 65
42794.8 66
45106.7 67
41731.2 68
44886.4 69
42568.0 70
41980.5 71
40695.2 72
42523.4 73
39967.8 74
40827.5 75
40638.4 76
42055.2 77
39480.4 78
40078.1 79
39420.0 80
39132.2 81
38383.8 82
39930.6 83
38824.0 84
37814.0 85
37144.2 86
38447.2 87
37130.0 88
38329.2 89
35644.0 90
37703.4 91
36595.2 92
37712.2 93
36278.0 94
36621.0 95
35730.8 96
37469.4 97
34709.4 98
36496.6 99
35840.0 100