maxones 100 32 0.01 0.5

0 0.71875 0.510312 0
1 0.8125 0.561875 73%
2 0.8125 0.572187 70%
3 0.8125 0.595625 80%
4 0.84375 0.64625 69%
5 0.8125 0.749375 85%
6 0.84375 0.752188 78%
7 0.8125 0.751875 74%
8 0.84375 0.7525 79%
9 0.84375 0.74625 77%
10 0.84375 0.756875 87%
11 0.84375 0.749687 88%
12 0.84375 0.75125 83%
13 0.84375 0.748125 69%
14 0.84375 0.748125 85%
15 0.84375 0.74875 77%
16 0.84375 0.752188 79%
17 0.8125 0.715313 82%
18 0.8125 0.731875 76%
19 0.8125 0.728125 81%
20 0.8125 0.73625 71%
21 0.8125 0.747188 86%
22 0.78125 0.745938 83%
23 0.78125 0.718125 82%
24 0.78125 0.718125 79%
25 0.84375 0.719063 82%
26 0.875 0.73625 76%
27 0.875 0.727812 86%
28 0.875 0.839688 81%
29 0.875 0.834375 81%
30 0.84375 0.80875 83%
31 0.875 0.838437 82%
32 0.875 0.835313 79%
33 0.875 0.835938 84%
34 0.875 0.83375 83%
35 0.875 0.83625 81%
36 0.875 0.8375 83%
37 0.875 0.810312 91%
38 0.875 0.812187 84%
39 0.90625 0.835 84%
40 0.90625 0.817187 89%
41 0.90625 0.818125 76%
42 0.90625 0.817187 83%
43 0.90625 0.87375 84%
44 0.90625 0.867812 83%
45 0.90625 0.822187 83%
46 0.90625 0.865625 83%
47 0.90625 0.866875 81%
48 0.90625 0.868125 85%
49 0.90625 0.87125 89%
50 0.9375 0.872812 82%
51 0.9375 0.874062 87%
52 0.9375 0.870313 72%
53 0.9375 0.870938 82%
54 0.9375 0.869062 88%
55 0.9375 0.89875 84%
56 0.96875 0.900625 85%
57 0.9375 0.896563 79%
58 0.9375 0.902813 83%
59 0.9375 0.898125 83%
60 0.9375 0.899375 84%
61 0.9375 0.870313 86%
62 0.9375 0.872812 83%
63 0.9375 0.844063 79%
64 0.9375 0.843125 79%
65 0.90625 0.842187 84%
66 0.9375 0.836875 80%
67 0.9375 0.852187 74%
68 0.9375 0.845938 89%
69 0.90625 0.844688 80%
70 0.90625 0.868125 88%
71 0.90625 0.86625 75%
72 0.90625 0.867188 85%
73 0.90625 0.87 84%
74 0.90625 0.8725 86%
75 0.90625 0.868437 85%
76 0.90625 0.87 90%
77 0.9375 0.895625 79%
78 0.9375 0.896875 82%
79 0.9375 0.89875 83%
80 0.9375 0.878125 86%
81 0.9375 0.873125 87%
82 0.9375 0.871563 80%
83 0.96875 0.872188 87%
84 0.9375 0.841562 86%
85 0.9375 0.837187 76%
86 0.9375 0.842812 74%
87 0.9375 0.84125 82%
88 0.9375 0.85 87%
89 0.9375 0.841562 88%
90 0.9375 0.845313 81%
91 0.96875 0.836562 78%
92 0.96875 0.829375 82%
93 0.96875 0.827812 80%
94 1 0.95875 84%
95 1 0.931562 80%
96 1 0.960313 83%
97 1 0.962187 89%
98 1 0.959063 84%
99 1 0.928125 84%
100 1 0.931875 80%
101 1 0.934688 82%
102 1 0.905312 87%
103 1 0.90625 87%
104 1 0.902813 83%
105 0.96875 0.902813 82%
106 0.96875 0.904687 84%
107 0.96875 0.901563 80%
108 0.9375 0.87375 87%
109 0.9375 0.845938 78%
110 0.9375 0.836875 86%
111 0.9375 0.819688 79%
112 0.9375 0.902188 88%
113 0.96875 0.929375 89%
114 0.96875 0.900625 76%
115 0.96875 0.905 79%
116 0.96875 0.897813 85%
117 0.96875 0.872812 84%
118 0.9375 0.870313 76%
119 0.90625 0.837187 86%
120 0.90625 0.8375 76%
121 0.90625 0.840938 81%
122 0.9375 0.816562 77%
123 0.9375 0.824063 85%
124 0.9375 0.81125 84%
125 0.9375 0.82 81%
126 0.96875 0.874062 89%
127 0.9375 0.871875 81%
128 0.90625 0.867812 80%
129 0.90625 0.868437 88%
130 0.90625 0.867188 79%
131 0.90625 0.8675 82%
132 0.90625 0.869375 92%
133 0.90625 0.869062 86%
134 0.90625 0.864688 84%
135 0.90625 0.86875 89%
136 0.90625 0.869375 81%
137 0.90625 0.8725 88%
138 0.90625 0.86875 85%
139 0.90625 0.8675 89%
140 0.9375 0.868437 78%
141 0.9375 0.871875 82%
142 0.9375 0.870625 84%
143 0.9375 0.866875 81%
144 0.9375 0.89875 82%
145 0.9375 0.89625 88%
146 0.9375 0.86875 79%
147 0.9375 0.816875 87%
148 0.9375 0.83 79%
149 0.9375 0.811875 79%
150 0.9375 0.815 77%
151 0.9375 0.795312 77%
152 0.9375 0.744687 79%
153 0.9375 0.724688 75%
154 0.9375 0.800625 84%
155 0.9375 0.795312 82%
156 0.9375 0.765938 72%
157 0.90625 0.71625 75%
158 0.9375 0.714063 69%
159 0.90625 0.840938 87%
160 0.90625 0.865313 80%
161 0.9375 0.869687 92%
162 0.90625 0.870625 81%
163 0.90625 0.866563 86%
164 0.90625 0.792188 81%
165 0.90625 0.785312 81%
166 0.9375 0.817813 76%
167 0.9375 0.828125 78%
168 0.9375 0.859062 77%
169 0.96875 0.927188 86%
170 0.96875 0.932187 86%
171 0.96875 0.930312 83%
172 0.96875 0.896875 75%
173 0.96875 0.897188 85%
174 0.96875 0.902188 87%
175 1 0.960938 85%
176 1 0.959375 83%
177 1 0.959375 85%
178 1 0.96 85%
179 0.96875 0.96 84%
180 1 0.958438 82%
181 1 0.96 88%
182 1 0.932813 82%
183 1 0.932187 84%
184 1 0.9325 86%
185 0.96875 0.928438 76%
186 0.9375 0.898438 84%
187 0.96875 0.926875 82%
188 0.96875 0.930312 81%
189 0.96875 0.93125 87%
190 0.96875 0.933438 87%
191 0.96875 0.870313 84%
192 0.96875 0.874375 82%
193 1 0.873437 84%
194 1 0.879687 84%
195 1 0.87375 86%
196 1 0.880313 80%
197 1 0.85625 79%
198 1 0.961875 82%
199 1 0.959375 86%
200 1 0.96125 85%
201 1 0.959688 89%
202 1 0.936875 81%
203 1 0.9025 85%
204 1 0.902188 80%
205 1 0.874375 83%
206 0.96875 0.847187 84%
207 0.96875 0.87125 81%
208 0.96875 0.882812 84%
209 0.96875 0.87375 88%
210 0.96875 0.874375 81%
211 0.96875 0.873437 89%
212 0.90625 0.869687 81%
213 0.96875 0.8675 79%
214 0.96875 0.877188 83%
215 0.96875 0.875 86%
216 0.96875 0.875625 78%
217 0.96875 0.868437 78%
218 0.96875 0.929688 81%
219 0.96875 0.902813 83%
220 0.9375 0.899687 79%
221 0.9375 0.902188 84%
222 0.9375 0.9 86%
223 0.9375 0.89875 84%
224 0.9375 0.869375 83%
225 0.9375 0.849063 80%
226 0.90625 0.81375 80%
227 0.9375 0.793438 82%
228 0.9375 0.798438 81%
229 0.90625 0.768437 86%
230 0.90625 0.810312 85%
231 0.90625 0.81125 79%
232 0.90625 0.809688 85%
233 0.90625 0.820625 85%
234 0.90625 0.785312 87%
235 0.90625 0.788125 76%
236 0.875 0.7875 78%
237 0.84375 0.778438 80%
238 0.84375 0.752188 80%
239 0.875 0.753437 83%
240 0.84375 0.748437 83%
241 0.84375 0.751875 82%
242 0.84375 0.753125 77%
243 0.84375 0.698125 84%
244 0.84375 0.69375 79%
245 0.84375 0.690625 76%
246 0.875 0.69 76%
247 0.875 0.71125 71%
248 0.875 0.694063 76%
249 0.875 0.7075 70%
250 0.875 0.689688 85%
251 0.875 0.711875 75%
252 0.875 0.711875 71%
253 0.875 0.664062 76%
254 0.875 0.6875 85%
255 0.90625 0.868437 80%
256 0.90625 0.837812 80%
257 0.90625 0.842812 81%
258 0.90625 0.818438 78%
259 0.90625 0.806875 82%
260 0.90625 0.810312 78%
261 0.875 0.815937 83%
262 0.875 0.807187 80%
263 0.84375 0.804063 82%
264 0.875 0.80875 82%
265 0.875 0.812187 90%
266 0.875 0.834375 81%
267 0.875 0.837812 85%
268 0.875 0.83625 80%
269 0.875 0.810937 78%
270 0.84375 0.809375 86%
271 0.875 0.807813 83%
272 0.875 0.810937 82%
273 0.875 0.839688 86%
274 0.875 0.839375 82%
275 0.875 0.836875 78%
276 0.875 0.783438 77%
277 0.875 0.786563 81%
278 0.875 0.786563 82%
279 0.875 0.758125 79%
280 0.84375 0.750938 82%
281 0.875 0.765938 81%
282 0.875 0.778125 82%
283 0.90625 0.795 74%
284 0.90625 0.78875 84%
285 0.9375 0.896875 79%
286 0.9375 0.901875 84%
287 0.9375 0.9 84%
288 0.9375 0.870625 82%
289 0.9375 0.874375 86%
290 0.96875 0.89875 81%
291 0.96875 0.903438 81%
292 0.96875 0.899062 78%
293 0.9375 0.8975 71%
294 0.9375 0.899687 89%
295 0.9375 0.901563 87%
296 0.9375 0.899062 90%
297 0.9375 0.9 83%
298 0.90625 0.866563 78%
299 0.875 0.835625 87%
300 0.875 0.839063 87%
301 0.90625 0.78125 79%
302 0.9375 0.782813 84%
303 0.9375 0.792813 81%
304 0.9375 0.768437 75%
305 0.9375 0.741875 81%
306 0.9375 0.762813 79%
307 0.9375 0.760625 78%
308 0.9375 0.742812 72%
309 0.9375 0.739375 77%
310 0.90625 0.752812 79%
311 0.9375 0.777188 76%
312 0.9375 0.75125 79%
313 0.9375 0.733437 75%
314 0.9375 0.92625 85%
315 0.9375 0.90125 89%
316 0.9375 0.897813 85%
317 0.9375 0.899687 84%
318 0.9375 0.901563 84%
319 0.9375 0.870625 88%
320 0.9375 0.822187 85%
321 0.9375 0.824375 80%
322 0.9375 0.870313 89%
323 0.96875 0.87125 87%
324 0.96875 0.872812 83%
325 0.96875 0.90375 84%
326 0.96875 0.962187 88%
327 0.96875 0.958125 81%
328 0.96875 0.929375 85%
329 0.96875 0.93 88%
330 0.96875 0.931875 85%
331 1 0.958438 89%
332 1 0.957187 79%
333 1 0.960625 82%
334 1 0.963437 90%

Population has MOSTLY converged
