291598.5 15
321332.8 16
405320.8 17
361398.6 18
485142.2 19
801630.0 20
269308.2 21
1320820.6 22
382071.4 23
1441053.6 24
358917.5 25
2080767.0 26
289923.3 27
1121573.6 28
109640.3 29
2079.0 30
565815.1 31
1281056.0 32
616964.7 33
1362492.2 34
377818.0 35
2880910.8 36
384659.4 37
3801208.4 38
422506.5 39
1601244.0 40
229608.2 41
5880239.4 42
353206.3 43
1761095.6 44
327852.0 45
3681071.8 46
372771.1 47
5761449.6 48
928638.2 49
6000780.0 50
217632.3 51
3122314.0 52
134837.3 53
4321188.0 54
993113.0 55
4483544.8 56
356825.7 57
3480504.6 58
213526.9 59
2401530.0 60
303017.5 61
4960254.2 62
584583.3 63
2560825.6 64
403871.0 65
6600798.6 66
566605.6 67
6801611.6 68
358772.4 69
1.1202723E7 70
782625.9 71
5760187.2 72
1010385.7 73
2964654.6 74
1103227.5 75
3040212.8 76
743411.9 77
6241037.4 78
329793.4 79
6400280.0 80
587800.8 81
4921795.8 82
2085316.9 83
3360310.8 84
984674.0 85
5163354.0 86
517858.8 87
8800228.8 88
366519.8 89
5400990.0 90
814586.5 91
5520285.2 92
327797.1 93
1.12801598E7 94
331559.5 95
7682112.0 96
1974425.3 97
1.17602254E7 98
1590207.3 99
1.400174E7 100