257403.0 15
320860.8 16
195520.4 17
361125.0 18
167498.3 19
401286.0 20
71223.6 21
881086.8 22
56800.8 23
480748.8 24
97602.5 25
2601003.6 26
91071.0 27
1121736.0 28
135395.2 29
2430.0 30
90293.7 31
3201312.0 32
142131.0 33
2041332.8 34
166782.0 35
2163574.8 36
81100.3 37
2282321.8 38
253819.8 39
3203844.0 40
37539.6 41
2523544.8 42
77731.1 43
5281909.6 44
182772.0 45
3682594.4 46
215730.0 47
1925150.4 48
277340.0 49
6000720.0 50
385412.1 51
2093910.0 52
242856.6 53
4324563.0 54
111160.5 55
3367408.8 56
254687.4 57
4643978.8 58
164179.3 59
2405700.0 60
257206.5 61
6201010.6 62
389169.9 63
5120441.6 64
208975.0 65
3960376.2 66
200510.9 67
4083032.8 68
124420.8 69
9800336.0 70
472043.5 71
2883520.8 72
465396.9 73
2960843.6 74
334590.0 75
1.0641064E7 76
330761.2 77
7800889.2 78
152959.8 79
3202032.0 80
390760.2 81
8200442.8 82
140593.7 83
3361125.6 84
472498.0 85
8602227.4 86
447580.2 87
5280941.6 88
326950.4 89
9000990.0 90
657411.3 91
3682852.0 92
328429.5 93
3761419.4 94
641231.0 95
3846115.2 96
298119.8 97
3923871.0 98
669032.1 99
8000940.0 100